-74.15783618
-5.40483938
-74.34574608
-5.25573062
-74.46020377
-4.62971002
-74.76700551
-4.58784689
-75.0605938
-3.80637816
-76.43391502
-3.47525444
-77.21654316
-4.32609788
-77.41743926
-4.56395473
-77.75835223
-4.01511589
-78.15912631
-4.4554522
-78.28883914
-5.1639864
-78.91403969
-5.10325466
-79.08783153
-5.00437956
-79.01758616
-5.46506372
-79.08804706
-5.6461031
-79.06855799
-5.97885845
-79.13010048
-6.04179957
-79.26539988
-6.04637555
-79.22973097
-5.93209344
-79.31371473
-5.77046135
-79.3155151
-5.65832272
-79.2836426
-5.31618152
-79.41010117
-5.31539641
-79.42894603
-5.3392246
-79.42803811
-5.14823926
-79.67995646
-5.21558109
-79.75075498
-5.18099152
-79.66794752
-4.99552191
-79.79583626
-5.04095253
-79.88489387
-5.10289894
-79.87600701
-5.02918124
-79.94719627
-4.93164103
-79.84510743
-4.78974196
-79.98231572
-4.77927642
-79.94532075
-4.62718328
-79.82910068
-4.63229992
-79.7971704
-4.5849034
-79.76402653
-4.57013302
-80.00263928
-4.5125104
-80.19934628
-3.6822854
-80.23458002
-3.57134477
-80.24553002
-3.48183452
-80.433351671
-3.627641068
-80.44760867
-3.64194085
-80.4388514
-3.69282726
-80.48071752
-3.60108165
-80.5894304
-3.63707003
-80.65113816
-3.94211539
-80.94041778
-3.94582164
-81.05180327
-4.10684277
-81.12869403
-4.1796374
-81.221141046
-4.268817071
-81.27725715
-4.45284152
-81.30560453
-4.65444039
-81.07127096
-4.86459154
-81.05953764
-4.91001047
-81.02627043
-4.8834236
-81.01508288
-4.88159652
-80.97578706
-4.87812053
-80.96173153
-4.9100835
-80.87176675
-4.84574438
-80.81537972
-4.90222289
-80.70334929
-4.88163789
-80.68076135
-4.89025791
-80.6812007
-4.85746448
-80.6487423
-4.83970819
-80.54872131
-4.64077433
-80.2431509
-4.65782214
-80.3422494
-4.93533727
-80.62244468
-5.20149034
-80.66927686
-5.1819013
-80.67607352
-5.26553532
-80.66364891
-5.32027746
-80.71084037
-5.34662737
-80.742562834
-5.402154717
-80.77441026
-5.42166988
-80.75498784
-5.44049877
-80.76534911
-5.46373229
-80.74087173
-5.49414525
-80.74175972
-5.458601271
-80.68127051
-5.40926431
-80.09059927
-5.21393402
-79.96949598
-5.18667335
-79.96754358
-5.26713272
-79.83243013
-5.34209868
-79.78622317
-5.31906853
-79.60625
-5.3763508
-79.60620987
-5.40186526
-79.52397737
-5.5677551
-79.74716856
-5.98823305
-79.71700414
-6.1545289
-79.64805555
-6.1577773
-79.60575928
-6.27398743
-79.82289792
-6.39251273
-79.83898192
-6.42825641
-79.85512665
-6.47402126
-79.85935934
-6.50977423
-80.01536623
-6.5403754
-79.86459177
-6.54741976
-79.78087716
-6.56567358
-79.79686156
-6.64033739
-79.73914491
-6.64447709
-79.7701829
-6.71833552
-79.96630415
-6.76797336
-79.93569339
-6.83576653
-79.92240828
-6.87928602
-79.86601427
-6.92753803
-79.86280028
-6.90754253
-79.87188639
-6.87787802
-79.81871728
-6.86523727
-79.844549772
-6.795073531
-79.83486178
-6.76047615
-79.77740727
-6.76748728
-79.70345165
-6.75042452
-79.63915266
-6.73803952
-79.6106759
-6.7813914
-79.5620004
-6.89223277
-79.5835329
-6.92401927
-79.62226352
-6.99115564
-79.48580252
-7.1713559
-79.51496365
-7.18847527
-79.47033327
-7.2432994
-79.45502652
-7.35005215
-79.56321027
-7.33785815
-79.5722239
-7.40112877
-79.43713403
-7.70212789
-79.30330502
-7.73430503
-79.18795965
-7.7445899
-79.14388178
-7.84281202
-79.2226504
-7.79190527
-79.29433903
-7.87759915
-79.2388369
-7.96257627
-79.12046128
-8.07995827
-79.04097302
-8.08293916
-79.02365152
-8.08203314
-78.99310465
-8.07382952
-78.95946202
-8.0863914
-79.0561389
-8.14359178
-79.00895078
-8.17147803
-78.9764029
-8.2241644
-78.67902102
-8.53911202
-78.62483903
-8.95115815
-78.61356299
-8.98744838
-78.61513939
-9.02291394
-78.53104362
-9.12204173
-78.4960317
-9.26181601
-78.35891478
-9.17202712
-78.18293613
-9.13887876
-78.04187503
-9.32894361
-77.85948633
-9.49484503
-77.80881123
-9.59474921
-77.70737052
-9.58095994
-77.74143853
-9.63294592
-77.81854439
-9.72361572
-77.82651093
-9.65529362
-77.89036301
-9.559039
-77.99645658
-9.5115817
-78.20647344
-9.43223382
-78.38320638
-9.46133564
-78.22203094
-9.95016504
-77.61548971
-10.31311806
-77.48736343
-10.37194221
-77.44238075
-10.33742583
-77.434951344
-10.244732932
-77.47078042
-10.15744154
-77.43961432
-10.15543481
-77.39901732
-10.11589026
-77.47426745
-10.0886887
-77.53638675
-10.05532346
-77.56850665
-10.00930852
-77.5863586
-9.99112185
-77.62207031
-10.06982452
-77.65462711
-10.05040814
-77.64615338
-9.98704863
-77.6579201
-9.92950593
-77.70810145
-9.87509522
-77.71913083
-9.82049994
-77.67551426
-9.79790415
-77.65001022
-9.82333239
-77.6165613
-9.73534146
-77.431183239
-9.801861671
-77.44514603
-9.75650005
-77.46663438
-9.66698319
-77.5314811
-9.51667278
-77.57722532
-9.40055497
-77.57535495
-9.39360714
-77.56433153
-9.36816712
-77.58064116
-9.36500076
-77.59222184
-9.37776462
-77.59856806
-9.35768246
-77.60400809
-9.32257739
-77.62578645
-9.29439801
-77.62519783
-9.23145736
-77.64668587
-9.23925567
-77.67784953
-9.27069407
-77.69167926
-9.26213312
-77.69367851
-9.21682347
-77.7169509
-9.22637765
-77.71231433
-9.19032655
-77.74679171
-9.17700911
-77.72293564
-9.1732648
-77.4710761
-9.02096675
-77.368049762
-9.114903248
-77.29164858
-8.99098534
-77.36732857
-8.96111638
-77.41098163
-8.91939489
-77.43577088
-8.85810477
-77.39823303
-8.85536414
-77.33892807
-8.9063033
-77.30150215
-8.91527394
-77.24374267
-8.90226108
-77.18937601
-8.9756907
-77.09226763
-9.07847208
-77.0587875
-9.05973282
-76.99148415
-9.11899886
-76.9906715
-9.15168853
-77.00253344
-9.17522357
-77.15836039
-9.32537346
-77.17635868
-9.45194542
-77.17801571
-9.58862966
-77.1572854
-9.52417327
-77.10025066
-9.40961775
-77.0966926
-9.3656012
-77.07856472
-9.35912744
-77.01094521
-9.40340548
-77.00439113
-9.32579864
-76.93873325
-9.31570589
-76.92638877
-9.23487956
-76.92852096
-9.18830803
-76.89911077
-9.15268532
-76.83667352
-9.09505705
-76.75144393
-9.17206266
-76.78679405
-9.20080219
-76.75927692
-9.20253776
-76.7191965
-9.2467676
-76.39641462
-9.27964745
-75.9724077
-9.44229408
-76.00873463
-9.27820464
-75.99372073
-9.24873267
-75.83615984
-9.20558461
-75.95487138
-9.18837958
-76.06332123
-9.07815774
-76.0664538
-9.02378864
-76.11603442
-8.93155004
-76.12132368
-8.74960497
-76.249635015
-8.794668429
-76.31500257
-8.65340683
-76.32614447
-8.45110584
-76.4619507
-8.45892886
-76.72942116
-8.35148003
-76.6681949
-7.90770305
-76.64949305
-7.4827442
-76.47654065
-7.2555038
-76.47241
-7.09923
-76.46631846
-7.02330401
-76.43914
-7.00423
-76.42065421
-6.99199127
-76.41835
-6.9565
-76.13229
-7.02407
-76.25388
-6.93584
-76.34118879
-6.84940726
-76.32743809
-6.79169446
-76.29197
-6.7768
-76.23262
-6.80627
-76.21709552
-6.69028077
-76.28702101
-6.66304177
-76.3241584
-6.58426027
-76.26173565
-6.57976712
-76.12887878
-6.57140828
-76.03299352
-6.25196002
-76.28422177
-6.33062264
-76.43862964
-6.38590078
-76.40643803
-6.4091264
-76.38323002
-6.4786099
-76.35436502
-6.49058465
-76.49419152
-6.5298794
-76.48117827
-6.5108169
-76.45144615
-6.46232864
-76.47135052
-6.44863715
-76.59393965
-6.41131115
-76.60412727
-6.37947615
-76.63433114
-6.38963552
-76.77477415
-6.35573302
-76.74080678
-6.5139944
-76.72009676
-6.5279089
-76.81401363
-6.7650423
-76.69553615
-6.72496802
-76.62335665
-6.74633615
-76.57486291
-6.80937987
-76.76967675
-6.98071496
-76.72277943
-7.02160458
-76.71409764
-7.07015573
-76.64096824
-7.09221106
-76.65248842
-7.12558495
-76.68880727
-7.17617702
-76.77367002
-7.29751348
-76.7767916
-7.31668006
-76.98312593
-8.20762817
-76.87494846
-8.65609382
-77.0152909
-8.9248092
-77.12325921
-8.88478754
-77.18611473
-8.76729062
-77.27945268
-8.80639085
-77.39847427
-8.69719116
-77.43001932
-8.69583878
-77.58202105
-8.64628624
-77.53549949
-8.62297521
-77.42660137
-8.455842
-77.29840065
-8.45731415
-77.32055039
-8.4390799
-77.38922353
-8.34790965
-77.42306865
-8.30758602
-77.34323346
-8.18764179
-77.39513443
-8.12737639
-77.51499303
-8.12463084
-77.47965386
-8.03370735
-77.59230472
-8.0046429
-77.54659402
-7.87204138
-77.59393399
-7.78510512
-77.71737526
-7.80650815
-77.72980093
-8.02221836
-77.89558734
-8.1951459
-77.89829803
-8.26049457
-77.85232944
-8.26861581
-77.597284656
-8.338801279
-77.58168838
-8.32614535
-77.4907
-8.39502765
-77.56694871
-8.53448795
-77.65282183
-8.56093812
-77.66592194
-8.53191324
-77.86466525
-8.5131224
-77.87765452
-8.523181
-77.8644844
-8.61867293
-77.90309509
-8.66063536
-77.90397721
-8.73748516
-77.86180504
-8.81831051
-77.91432039
-8.86457139
-77.89296813
-8.87225646
-77.81490168
-8.95171981
-77.84274683
-8.96159841
-77.86151977
-9.01628722
-77.80191143
-9.11031369
-77.98144291
-9.07273349
-78.1378009
-9.01312083
-78.06135882
-8.76053675
-77.96867978
-8.61468333
-77.99676727
-8.60250495
-78.06825666
-8.52683141
-78.04195878
-8.51449855
-78.03787458
-8.4700126
-78.05031205
-8.35045832
-77.97502077
-8.33098615
-78.00468628
-8.3064324
-77.99895937
-8.25313339
-77.95738561
-8.19345834
-77.97405226
-8.17055363
-78.05561299
-8.13273697
-78.14237573
-8.12016715
-78.1488949
-8.09462352
-78.30986857
-8.00173583
-78.4116279
-8.17017911
-78.41382008
-8.22457069
-78.60773265
-8.11279891
-78.53516146
-8.03014171
-78.54678271
-7.98213155
-78.60433518
-8.00308795
-78.76793602
-8.01143365
-78.81359078
-7.97636215
-78.70497922
-7.91891461
-78.7093334
-7.88503302
-78.75449465
-7.85154452
-78.62588865
-7.69868589
-78.55257046
-7.64064805
-78.44782773
-7.82363552
-78.41681248
-7.81544921
-78.44271972
-7.68973165
-78.46585465
-7.59549628
-78.54235967
-7.42702644
-78.51854531
-7.32343556
-78.49754235
-7.29173518
-78.46484423
-7.16382047
-78.42668252
-7.19358506
-78.379510024
-7.24902577
-78.26865916
-7.44878386
-78.12947199
-7.46431345
-78.06999917
-7.5739926
-78.0333525
-7.70605265
-78.13943119
-7.78853629
-77.94355253
-7.8602729
-77.9059828
-7.91152444
-77.8678029
-7.7823674
-77.74357765
-7.69889653
-77.59983542
-7.54642258
-77.69286703
-7.44001524
-77.9693195
-7.51943124
-78.04782037
-7.34924769
-78.12368552
-7.38814393
-78.13018326
-7.36840948
-78.1597223
-7.27362393
-78.25980867
-7.25472605
-78.32526455
-7.20223074
-78.34275399
-7.08492884
-78.06804273
-7.04190564
-78.03667486
-7.2512702
-77.859313783
-7.165411672
-77.80560752
-7.04700002
-77.8720504
-7.04369602
-77.85456702
-6.93479402
-78.0184479
-6.83550602
-78.06329555
-6.89641166
-78.09172761
-6.94138304
-78.13569833
-6.94266088
-78.13283343
-6.92571211
-78.25508302
-6.91168586
-78.24498532
-6.8375928
-78.28200492
-6.72322238
-78.2321111
-6.64990825
-78.20031274
-6.60296767
-78.31843789
-6.51782798
-78.42434847
-6.49739751
-78.47972322
-6.50317583
-78.41925679
-6.47133552
-78.4115938
-6.37150776
-78.47849939
-6.25153416
-78.48214359
-6.17826162
-78.42187677
-6.09696089
-78.52855816
-6.05073267
-78.57415796
-6.1071911
-78.59793053
-6.16348268
-78.6821624
-6.15128339
-78.71225808
-6.23852905
-78.69963624
-6.31536306
-78.57575565
-6.25326896
-78.60354189
-6.29415084
-78.60555662
-6.34141404
-78.61125401
-6.3930636
-78.65599128
-6.44455179
-78.72133791
-6.42818967
-78.73476851
-6.56031863
-78.7385327
-6.67067718
-78.60726843
-6.76412246
-78.77896286
-6.80169649
-78.84999536
-6.98017248
-78.80756344
-6.98082685
-78.77411852
-6.97768992
-78.73967677
-7.02495336
-78.67277196
-7.14700831
-78.65924034
-7.250618
-78.82819324
-7.16852881
-78.86787282
-7.15732752
-78.83984831
-7.22110695
-78.83709557
-7.34404116
-78.89633605
-7.38497515
-78.92724538
-7.42509484
-78.93321159
-7.30042362
-79.03002337
-7.34899788
-79.13076819
-7.25313173
-79.09514988
-7.05714336
-79.0605769
-7.04660303
-79.01116911
-7.03370956
-79.12204713
-6.86961972
-79.12943772
-6.92643969
-79.17831861
-6.97687507
-79.24280134
-6.95955494
-79.34378015
-6.87382027
-79.30241864
-6.8456114
-79.38511027
-6.6435539
-79.36076747
-6.41301293
-79.31677976
-6.23567236
-79.28412986
-6.40464678
-79.24198089
-6.42402944
-79.12005927
-6.51467717
-79.0513262
-6.56384729
-79.03258328
-6.67395886
-78.91659716
-6.69066772
-78.92047553
-6.73888117
-78.82472039
-6.75651082
-78.81891942
-6.67717274
-78.81729596
-6.66279792
-78.78763415
-6.65035545
-78.7939893
-6.60659667
-78.86729687
-6.57604808
-78.8957715
-6.5930343
-78.88549227
-6.47417413
-78.96090536
-6.45273103
-79.03452693
-6.35931174
-79.03822045
-6.27361614
-78.85532958
-6.24458592
-78.91020906
-6.18095488
-78.85266033
-6.095356
-78.758323941
-6.061985347
-78.69979757
-6.00655498
-78.66393577
-5.93599839
-78.693780142
-5.900273587
-78.67920519
-5.6651682
-78.85273934
-5.62704997
-78.89977271
-5.61265625
-78.90613889
-5.3929893
-78.89853154
-5.30563177
-78.77573795
-5.27281235
-78.56687137
-5.43348749
-78.4380164
-5.41652752
-78.5581294
-5.63801902
-78.47561815
-5.62525165
-78.43765626
-5.61222928
-78.42285628
-5.67483503
-78.42976452
-5.73712827
-78.23836815
-5.89428865
-77.9248228
-5.73555203
-77.96914045
-5.8262189
-77.9808638
-5.90995912
-77.94579034
-5.92815222
-77.977876948
-5.947343602
-77.94532473
-5.96610891
-77.95208869
-6.01961562
-77.91928373
-6.04259144
-77.97469806
-6.05980808
-77.95997687
-6.10198322
-78.013471278
-6.147454372
-78.01916754
-6.1874284
-78.028343517
-6.140422758
-78.060932628
-6.113630244
-78.32028402
-6.21517256
-78.26549074
-6.23589632
-78.23987883
-6.29791087
-78.2136811
-6.2811549
-78.09223217
-6.45301787
-78.00506095
-6.61430834
-77.80370628
-6.70787415
-77.81145241
-6.64693467
-77.8023299
-6.61830414
-77.8089164
-6.59416039
-77.86569856
-6.57268978
-77.81521527
-6.48465152
-77.86193839
-6.4966369
-77.96060837
-6.42880407
-77.9684256
-6.41395247
-77.9100448
-6.37313063
-77.90164215
-6.37274703
-77.88023041
-6.33717903
-77.8989964
-6.30818103
-77.97290867
-6.29926565
-77.953795797
-6.239775058
-77.95483384
-6.22937796
-77.944662191
-6.164638708
-77.86467452
-6.17378365
-77.77507352
-6.21916677
-77.73302153
-6.22918127
-77.74404301
-6.26140978
-77.7003229
-6.2552479
-77.6692669
-6.20879589
-77.62824628
-6.10666465
-77.64770715
-6.05360915
-77.67865177
-6.0916439
-77.73763977
-6.07800203
-77.71051378
-6.03218802
-77.78887993
-5.91754469
-77.78606486
-5.89778757
-77.82261644
-5.84344429
-77.50379115
-5.73934903
-77.38350315
-5.81624002
-77.2692584
-5.90148228
-77.30932128
-5.94063752
-77.2780815
-5.98788001
-77.22627803
-5.93066414
-77.16185999
-6.01386391
-77.304274671
-6.150268254
-77.50399515
-6.38665515
-77.54623978
-6.38546815
-77.57750414
-6.40888964
-77.53783665
-6.42894552
-77.49857528
-6.49805703
-77.47193515
-6.49272989
-77.4455899
-6.51603965
-77.44004703
-6.49869339
-77.45533602
-6.45315914
-77.3958834
-6.46788652
-77.14419928
-6.1390364
-77.10216452
-6.1392304
-77.0915394
-6.08028377
-77.06691814
-6.02997764
-77.02095315
-5.97401602
-76.91500253
-6.10796302
-76.55972253
-5.8336164
-77.04196916
-5.24891815
-76.5878409
-4.6515844
-76.28373715
-5.29091752
-75.6796459
-5.22700115
-75.85873365
-5.51306803
-75.87401503
-6.02512152
-75.80076314
-6.2118759
-75.7817059
-6.20929215
-75.73265224
-6.37655856
-75.76727003
-6.41742955
-75.11699506
-6.39343846
-75.15827561
-6.91147176
-75.26311849
-7.11714195
-75.29365419
-7.19632941
-74.84077733
-7.94675579
-74.57586903
-8.35479099
-74.5368095
-8.39819083
-74.3062909
-8.60518377
-74.80558215
-8.4723884
-74.86265365
-8.30970665
-75.1529121
-8.43417703
-75.21330429
-8.82874237
-75.05061778
-8.82842601
-74.9645612
-8.63943517
-74.70886033
-8.76894642
-74.70266442
-8.93379299
-74.44082014
-9.3065569
-73.95684605
-10.02987914
-72.76048674
-9.53161751
-70.9103629
-12.26497845
-71.40440002
-12.90966129
-71.64864314
-13.21517078
-71.67333314
-13.36028879
-72.04443065
-13.10429703
-72.26361611
-13.25861351
-72.44326683
-13.47970532
-72.52765852
-13.50880087
-72.69590355
-13.54217924
-72.81286461
-13.51209863
-72.87329875
-13.62193189
-72.93352311
-13.49187294
-73.08593059
-13.61626244
-73.08557942
-13.64518054
-73.11866337
-13.69137031
-73.2886386
-13.53239364
-73.36575293
-13.52821166
-73.435948667
-13.380731624
-73.5935813
-13.39674742
-73.60015685
-13.44042002
-73.56043858
-13.4825513
-73.60579013
-13.53287414
-73.67786344
-13.53273743
-73.66845206
-13.40316232
-73.69002691
-13.38809652
-73.621572
-13.22203192
-73.7075277
-13.05903067
-73.90679847
-13.17133137
-73.89430168
-13.22889015
-73.915384952
-13.390972462
-73.82230135
-13.4352286
-73.87508803
-13.53265228
-73.99508577
-13.58909467
-74.03354668
-13.71253846
-74.10207479
-13.71865287
-74.14720568
-13.6570469
-74.1955601
-13.55749703
-74.23611328
-13.60460621
-74.35202945
-13.58509265
-74.52277489
-13.56782515
-74.627412473
-13.552553831
-74.5325879
-13.61123279
-74.32002173
-13.67289726
-74.27206287
-13.72909904
-74.31535653
-13.83719391
-74.37240052
-13.84364802
-74.31281202
-13.9429859
-74.84279008
-14.28643759
-74.91996276
-14.24370477
-74.94202121
-14.13145112
-74.9765004
-14.05594217
-74.97683155
-13.97952682
-75.03536181
-13.94846782
-75.02249068
-14.0082687
-75.17197327
-14.09365579
-75.18470109
-14.04103427
-75.23867855
-13.95641154
-75.25772215
-13.82528316
-75.2490329
-13.79506004
-75.24368702
-13.73681703
-75.2746874
-13.68951866
-75.35085978
-13.70290604
-75.32761503
-13.52856816
-75.31460939
-13.53403729
-75.29364577
-13.50245654
-75.4325004
-13.38179927
-75.5423584
-13.29308053
-75.63449489
-13.20340191
-75.78679782
-13.21096666
-75.91299797
-13.07704222
-75.83692186
-12.99990829
-75.86279057
-12.91427177
-75.83436798
-12.89857869
-75.78042508
-12.93048576
-75.77727174
-12.94461476
-75.67742689
-13.09465904
-75.64483764
-13.07376478
-75.64800117
-13.04890086
-75.60970152
-13.03731402
-75.5702689
-13.03452929
-75.54186215
-13.12591653
-75.53364164
-13.2199179
-75.40999401
-13.3112068
-75.37243929
-13.2759036
-74.97702602
-13.33025991
-75.14020361
-13.07183308
-74.9470845
-13.03172253
-74.77001465
-12.92759366
-74.70177128
-12.94237903
-74.69135252
-12.91311117
-74.61008001
-12.91888753
-74.62301426
-12.86686616
-74.63681077
-12.81394178
-74.53197815
-12.87064042
-74.46592639
-12.91752216
-74.49224753
-12.95604753
-74.44458527
-13.01443428
-74.48396139
-13.05126654
-74.4188539
-13.11305877
-74.354240673
-13.241944377
-74.289265856
-13.214598063
-74.205754157
-13.273194391
-74.110974341
-13.194528816
-74.04194723
-13.21913484
-74.09983375
-13.112560334
-74.02025135
-12.94810528
-74.139306482
-13.049015159
-74.17332088
-13.01120545
-74.2086839
-12.99261877
-74.21576965
-13.05777204
-74.215571446
-13.154736502
-74.21339638
-13.16234308
-74.22356175
-13.16609926
-74.22639187
-13.17572834
-74.33332611
-13.13233733
-74.39300434
-13.08528485
-74.41155776
-13.0764329
-74.3672839
-12.97288466
-74.274080825
-12.899271908
-74.39791127
-12.89016953
-74.3891982
-12.8036628
-74.35906399
-12.78828914
-74.25285588
-12.766155331
-74.205894607
-12.784414447
-74.145384968
-12.761337444
-74.33080538
-12.59411068
-74.41174702
-12.57814906
-74.44180146
-12.74031031
-74.48098721
-12.72716983
-74.58249302
-12.7211984
-74.58734161
-12.6813114
-74.62349477
-12.69367591
-74.66610564
-12.72993379
-74.65867979
-12.57324644
-74.5298667
-12.55358726
-74.54577078
-12.51868263
-74.52698266
-12.51477069
-74.489091751
-12.420430742
-74.63537067
-12.31551617
-74.68094509
-12.41088934
-74.76731725
-12.47276098
-74.85835711
-12.39015227
-74.89142624
-12.40744526
-74.90141972
-12.40689656
-75.07049206
-12.25901613
-75.06992396
-12.32919775
-75.05479701
-12.36531776
-75.08383329
-12.40119169
-75.03872208
-12.43320092
-74.99718097
-12.50064425
-75.00685896
-12.51977024
-75.03677389
-12.56124185
-75.01969624
-12.59483027
-74.98048686
-12.65677104
-74.94732451
-12.5643735
-74.93353095
-12.53423549
-74.86162367
-12.64280969
-74.85114316
-12.76983315
-74.97807976
-12.78394308
-75.32491534
-12.66713465
-75.21101047
-12.62025607
-75.18344077
-12.47737742
-75.15381958
-12.42325149
-75.17835413
-12.40946839
-75.20050615
-12.35481642
-75.2230549
-12.31777091
-75.24731952
-12.34525379
-75.28207002
-12.33210754
-75.28898502
-12.31115254
-75.29774689
-12.29601629
-75.17054562
-12.22395131
-75.1453564
-12.17249591
-75.15795728
-12.14118991
-75.22315439
-12.13817615
-75.21897854
-12.17360502
-75.232361178
-12.159673521
-75.24533365
-12.1552319
-75.26792814
-12.13423971
-75.38696071
-12.20111734
-75.43549641
-12.12616854
-75.32085435
-12.08576626
-75.29313568
-12.09832171
-75.24570091
-12.10959038
-75.21676681
-12.10633089
-75.20818926
-12.08636087
-75.217427794
-12.057385107
-75.24212787
-12.08097164
-75.25031103
-12.04933116
-75.28011011
-12.01520504
-75.24397777
-11.99001603
-75.25073202
-11.97157192
-75.25718865
-11.95736979
-75.25934527
-11.93752441
-75.28268302
-11.94905702
-75.30959189
-11.96889328
-75.34158426
-12.0200879
-75.345669222
-12.01535617
-75.37460265
-12.02771422
-75.36800977
-11.9577104
-75.33888902
-11.93696829
-75.38725514
-11.89161728
-75.41361277
-11.86405766
-75.43447453
-11.83322691
-75.50729702
-11.85445966
-75.5430369
-11.80113203
-75.56120165
-11.74012702
-75.57034989
-11.72967865
-75.54645701
-11.73136304
-75.51839552
-11.7089329
-75.4861724
-11.72610466
-75.47452815
-11.71330266
-75.44580565
-11.73751978
-75.43566565
-11.75956577
-75.46947414
-11.76013166
-75.48633327
-11.74879842
-75.4991089
-11.78117015
-75.48430002
-11.79367353
-75.47078715
-11.80737041
-75.45387077
-11.81373641
-75.43851103
-11.80256954
-75.42391178
-11.80703815
-75.42640577
-11.78563716
-75.3817294
-11.78597453
-75.39224365
-11.82203952
-75.38198252
-11.84670191
-75.3539614
-11.85504916
-75.34400614
-11.89376141
-75.31813615
-11.89755278
-75.29507814
-11.8767104
-75.28639577
-11.88992079
-75.26637838
-11.89013203
-75.29130116
-11.83556153
-75.08217964
-11.71797879
-75.10209215
-11.65993891
-75.08968301
-11.61926404
-74.80225753
-11.72859815
-74.7951889
-11.76895878
-74.89700003
-11.98027153
-74.86361777
-12.09389321
-74.938717477
-12.236214354
-74.93821361
-12.27957706
-74.89226552
-12.31027527
-74.77736662
-12.24392735
-74.78063593
-12.20198537
-74.75170465
-12.10377238
-74.63009161
-12.11631456
-74.5945526
-12.04829858
-74.54459516
-12.15192456
-74.48987784
-12.21648067
-74.025737629
-12.188946211
-74.022854496
-12.282092869
-73.906012475
-12.409734203
-73.858803176
-12.511464804
-73.82853052
-12.51966994
-73.78904711
-12.62002928
-73.78781866
-12.62460846
-73.73555672
-12.68809563
-73.65627808
-12.76842581
-73.58167305
-12.8633126
-73.52816262
-12.91847416
-73.51278115
-13.0022085
-73.26746441
-13.2879631
-72.93366624
-13.06432693
-72.59423111
-13.13018788
-72.525748142
-13.154384203
-72.55404915
-13.00692715
-72.66452667
-12.96330224
-72.57664857
-12.76815031
-72.44731133
-12.87207663
-72.27767815
-12.68186679
-72.5569392
-12.63652275
-72.9457073
-11.71937557
-73.04534614
-11.13777371
-74.30646677
-11.14766853
-74.53087427
-11.32871341
-74.48811883
-11.42815745
-74.59052274
-11.38158225
-74.75199589
-11.40434841
-74.62751088
-11.29077828
-74.6598074
-11.20840265
-74.87289398
-10.92626083
-75.22500636
-10.94820397
-75.28723229
-10.88865615
-75.26772813
-10.73518354
-75.43878462
-10.60272559
-75.52441698
-10.42633735
-75.550716322
-10.070812495
-75.14951804
-10.1843937
-74.93552776
-10.29741005
-75.01737381
-9.85719725
-74.97467506
-9.62780809
-75.46293053
-9.66991091
-75.90309576
-9.84490709
-75.99546827
-9.79545341
-76.07050164
-9.80165029
-76.13328512
-9.82613739
-76.16995393
-9.86271221
-76.04451854
-9.86380497
-76.01643782
-9.9102141
-76.18229523
-10.33788566
-76.29196319
-10.34286758
-76.23509391
-10.4150318
-76.18955918
-10.44200622
-76.19593242
-10.49006753
-76.16400522
-10.53445361
-76.25445221
-10.67007146
-76.31650927
-10.68977746
-76.27480139
-10.76939685
-76.236201
-10.84103767
-76.11270776
-10.85556392
-76.05784591
-10.92244154
-75.950770573
-10.636470904
-75.813492877
-10.77466897
-75.87776115
-10.96749217
-75.35202943
-11.12102178
-75.34207158
-11.24205307
-75.32663915
-11.36077878
-75.52339327
-11.54262515
-75.65264226
-11.51161584
-75.56405279
-11.38997653
-75.56892011
-11.34625783
-75.65031916
-11.26527801
-75.65921854
-11.35297988
-75.75192392
-11.37732628
-75.77220505
-11.29577247
-75.86270257
-11.24951896
-75.96029494
-11.47313123
-75.95611224
-11.56686711
-76.06323289
-11.58778501
-76.08646
-11.66650854
-75.93670263
-11.78740141
-75.9051725
-11.72246341
-75.75598206
-11.73276581
-75.7177869
-11.80190478
-75.67487364
-11.78504541
-75.62360852
-11.73902652
-75.61118889
-11.76464066
-75.6243064
-11.81724629
-75.53636948
-12.08555161
-75.74583563
-12.23820835
-75.79935617
-12.20335843
-75.80782035
-12.22394143
-75.78648552
-12.28089428
-75.78557449
-12.3467902
-75.81149268
-12.4562481
-75.86981191
-12.34538238
-75.85025027
-12.27413041
-76.013547624
-12.122364268
-76.30049919
-11.76012603
-76.26816707
-11.70607417
-76.5034366
-11.65603404
-76.51648169
-11.65621418
-76.54004226
-11.66458623
-76.52492398
-11.6831929
-76.58836748
-11.72083824
-76.59637555
-11.75902063
-76.6499043
-11.74341931
-76.61855373
-11.82648735
-76.66409461
-11.90131966
-76.66492122
-11.92372935
-76.69670598
-11.93642942
-76.76981309
-11.9759522
-76.81681365
-12.11210704
-76.91733348
-12.0779467
-76.91872898
-12.02593296
-76.96469543
-12.04972166
-76.99423393
-12.07345621
-76.99873413
-12.04994333
-77.00996771
-12.02961959
-77.02634862
-12.04227843
-77.058310264
-12.029867268
-77.07090386
-11.9916622
-77.05044844
-11.99196277
-77.04983507
-11.95713993
-77.03380852
-11.90058343
-77.07771461
-11.86678036
-77.12203649
-11.8719796
-77.12359085
-11.85535639
-77.17299787
-11.79661642
-77.17514092
-11.77368903
-77.17957299
-11.55913352
-77.19214302
-11.1349009
-76.95205212
-11.18907985
-76.92965047
-11.05979366
-76.93313698
-10.95742056
-76.64736388
-11.18561568
-76.63463467
-11.19468802
-76.65599832
-11.23407768
-76.7801039
-11.19224236
-76.83946876
-11.23771064
-76.82172108
-11.27385795
-76.82567011
-11.35222287
-76.81948605
-11.40692141
-76.74915253
-11.49901186
-76.845829652
-11.695229058
-76.670422263
-11.621240078
-76.626603363
-11.552900137
-76.661984104
-11.489290523
-76.575459819
-11.406713381
-76.3361353
-11.4068243
-76.28556419
-11.20416417
-76.14708839
-11.08360391
-76.364846974
-11.002171218
-76.74491583
-10.94843442
-76.82525633
-10.91793804
-76.87508445
-10.8112493
-76.90892929
-10.79267024
-76.97883466
-10.80570825
-77.01403052
-10.83803529
-77.12902998
-10.86332633
-77.27207524
-10.75629595
-77.16701385
-10.59535527
-77.11202353
-10.5494881
-77.04125725
-10.62077877
-76.49489414
-10.43892901
-76.46157701
-10.45506507
-76.44720262
-10.47870119
-76.40831767
-10.4747065
-76.35374839
-10.47219355
-76.4376263
-10.43430942
-76.44313299
-10.37104186
-76.41535713
-10.2681133
-76.38856424
-10.27236483
-76.23705203
-10.1598532
-76.21290742
-10.07742432
-76.21653868
-10.03586919
-76.24276077
-9.9446446
-76.24903423
-9.96051446
-76.28401604
-9.98101578
-76.39209314
-9.90475157
-76.50317305
-9.88625092
-76.50543774
-9.98587891
-76.52304838
-10.00540641
-76.46879833
-10.00463501
-76.48577808
-10.05619846
-76.62564381
-10.14223785
-76.80444658
-10.18159168
-76.73587931
-10.07618433
-76.6802035
-10.02345474
-76.68904555
-9.98405321
-76.67703094
-9.97612533
-76.60585288
-9.91001797
-76.61100208
-9.90085169
-76.63067298
-9.85273011
-76.66623481
-9.79533206
-76.64826913
-9.74782989
-76.70269204
-9.70547336
-76.70524612
-9.67675479
-76.7065324
-9.60712401
-76.72591965
-9.60004824
-76.73699145
-9.53997969
-76.72011023
-9.39252744
-76.77116698
-9.42320734
-76.81251328
-9.38867723
-76.81996172
-9.46231567
-76.81859052
-9.49432258
-76.88404075
-9.50044719
-76.77138691
-9.70689508
-76.75008966
-9.71445144
-76.78331229
-9.73117942
-76.77473088
-9.75694218
-76.80308274
-9.82842404
-76.9416436
-9.89931604
-77.14476146
-10.07445984
-77.14646357
-10.12358943
-77.07151895
-10.23455167
-77.19055747
-10.25319795
-77.19899911
-10.2851242
-77.14628426
-10.2992732
-77.125725286
-10.335422896
-77.103492273
-10.369142125
-77.07924146
-10.38639481
-77.16902091
-10.33896825
-77.19884326
-10.35374632
-77.21926659
-10.3867945
-77.19051325
-10.3925144
-77.2425016
-10.49745281
-77.32747411
-10.45752834
-77.36623409
-10.4384621
-77.42209023
-10.53123344
-77.81871382
-10.67428758
-77.779785396
-10.696399534
-77.74287776
-10.80447584
-77.71631525
-10.79576358
-77.64428557
-11.0233334
-77.62834015
-11.09185878
-77.61288376
-11.09665267
-77.59930215
-11.07019916
-77.59597637
-11.09157732
-77.26995505
-11.56276401
-77.16418261
-12.07258015
-77.12877536
-12.06240134
-77.10804913
-12.06600149
-77.09061824
-12.03930237
-77.04595887
-12.05871285
-77.03083698
-12.06486369
-77.04390448
-12.07673355
-77.06224996
-12.07779385
-77.07915273
-12.09253258
-77.06711116
-12.09148817
-77.0310906
-12.08251303
-77.03458211
-12.09893348
-77.02913699
-12.12170145
-77.02062163
-12.11720211
-76.99906759
-12.10700683
-77.00475327
-12.14540628
-77.02127633
-12.14970662
-77.02135147
-12.17107851
-76.96341458
-12.16276005
-76.94428675
-12.16264494
-76.93709477
-12.21321448
-76.85928511
-12.22987377
-76.86903396
-12.27341453
-76.82649975
-12.33802188
-76.79529937
-12.36551725
-76.78058989
-12.38982076
-76.77346693
-12.40178008
-76.79777112
-12.48160925
-76.73821115
-12.51859516
-76.64155401
-12.61957666
-76.65147157
-12.64379665
-76.6323629
-12.65776215
-76.55663117
-12.77944867
-76.45982465
-12.72749278
-76.54364452
-12.52631003
-76.51436843
-12.21880052
-76.50986353
-12.08036053
-76.47465728
-12.00194142
-76.52535578
-11.98346216
-76.5395769
-11.91149504
-76.52924165
-11.91178629
-76.54417404
-11.87010627
-76.44027477
-11.88391203
-76.39179014
-12.01738278
-76.38891889
-12.09657741
-76.42129127
-12.12566041
-76.4353839
-12.13223278
-76.32583938
-12.23727516
-76.2290429
-12.16096416
-76.21257678
-12.14514203
-76.23249878
-12.13710667
-76.21645203
-12.13038741
-76.2301975
-12.09550201
-76.18262421
-12.11344541
-76.14690399
-12.28406022
-76.13887115
-12.29435864
-76.15742548
-12.29448421
-76.14323365
-12.30746424
-76.13742195
-12.38234513
-76.16730363
-12.36026132
-76.2265878
-12.36245175
-76.22657527
-12.45449329
-76.28919495
-12.5146797
-76.16206834
-12.61718878
-76.03706819
-12.59123137
-75.94945391
-12.66827121
-75.89021008
-12.63362621
-75.80943231
-12.74137106
-75.6651222
-12.7984106
-75.76518904
-12.81046256
-75.7830612
-12.8128568
-75.89179441
-12.799742
-76.02263228
-12.86004029
-76.05436852
-12.86610617
-76.14001502
-12.96291216
-76.38335015
-12.94958928
-76.47924953
-13.02481778
-76.4305879
-13.05120428
-76.3528769
-13.06102615
-76.31783864
-13.07616727
-76.18260239
-13.45844467
-76.16169055
-13.4590213
-76.16428104
-13.42733965
-76.15632479
-13.39848377
-76.12720757
-13.40470806
-76.0829474
-13.44253666
-76.0574933
-13.49985813
-76.15746265
-13.68079829
-76.22303252
-13.73150792
-76.24963615
-13.83491616
-76.14899665
-13.71343616
-76.02395978
-13.69385979
-75.88661752
-13.72253266
-75.61874514
-13.60066004
-75.67099028
-13.93293889
-75.77288745
-13.9860538
-75.75836669
-14.01843938
-75.73510056
-14.01140553
-75.71208167
-14.03907842
-75.69852009
-14.04679228
-75.69137375
-14.09630431
-75.70750844
-14.12868864
-75.69133928
-14.15457391
-75.70781418
-14.15564793
-75.71421312
-14.18736375
-75.67167521
-14.34710367
-75.47711158
-14.09920528
-75.24585865
-14.48339154
-75.2015329
-14.52009366
-75.20745565
-14.56329167
-75.22276002
-14.66401767
-75.05825727
-14.64506929
-74.82269098
-14.39862195
-74.65103229
-14.4119543
-74.68654079
-14.48998646
-74.67022572
-14.72854596
-74.94398727
-14.84521817
-75.16662414
-15.36170766
-74.85114477
-15.56980036
-74.52746451
-15.66169297
-74.36358555
-15.79582376
-74.24675655
-15.86595238
-73.96673241
-15.80508898
-73.62322965
-16.20841226
-73.10492851
-16.43147922
-72.71446256
-16.57205307
-72.72726239
-16.60265467
-72.73607581
-16.61963517
-72.69934583
-16.61398583
-72.4261575
-16.71751627
-72.09784961
-17.00065964
-71.90641937
-17.10236918
-71.82132744
-17.1444696
-71.79049288
-17.17217815
-71.75908505
-17.08932173
-71.340207938
-17.611620846
-71.268392476
-17.622913427
-70.96533915
-17.86163054
-70.56201114
-17.86491266
-70.49503527
-17.7950478
-70.43864276
-18.28589766
-70.25411202
-18.0403178
-70.24793026
-17.99476141
-70.23558814
-17.9835333
-70.21985702
-17.99640017
-70.18600315
-17.93897154
-70.15468964
-17.8968103
-69.95895802
-17.77687253
-70.01850877
-17.5418508
-70.03167015
-17.53875679
-70.02889952
-17.52621492
-70.04772377
-17.44449629
-70.12258975
-17.48019837
-70.33438214
-17.38117779
-70.51277802
-17.42074342
-70.38028177
-17.26839842
-70.36382765
-17.28522879
-70.32223677
-17.31362841
-70.25848376
-17.31802991
-70.13391011
-17.37539796
-70.1327184
-17.35316462
-69.74466895
-17.18369756
-69.71627579
-16.74183075
-69.70903689
-16.62165907
-69.37133544
-16.90805557
-69.24998126
-16.72706738
-69.32214835
-16.63021632
-69.0401956
-16.56489954
-69.10322794
-16.4971822
-69.04045845
-16.39983994
-68.85297169
-16.31402101
-68.96198729
-16.19852605
-68.96924053
-16.22475384
-68.9908743
-16.21951706
-69.17753266
-16.2700725
-69.29225418
-16.27324575
-69.5543019
-16.11055246
-69.71824626
-15.65717129
-69.83080219
-15.64191278
-69.94919597
-15.57066521
-69.97149845
-15.61527795
-70.10250245
-15.56759078
-70.124501697
-15.478475615
-70.34585076
-15.62028979
-70.3500527
-15.64238133
-70.32181055
-15.64964874
-70.34342565
-15.80118442
-70.25858352
-15.76665553
-70.18690388
-15.79737467
-70.14394303
-15.68864079
-70.05617104
-15.74518942
-69.88990914
-15.89439666
-69.83303327
-15.94854666
-69.79759401
-15.97357429
-70.06391327
-16.14879117
-70.34379351
-16.1403448
-70.53570018
-16.14058427
-70.67800558
-16.19510983
-70.73862229
-16.32397336
-70.73032532
-16.38844553
-70.85591609
-16.38671595
-70.82645608
-16.48106379
-70.68334946
-16.739331
-70.68597209
-16.75099377
-70.69486643
-16.80920674
-70.84439878
-17.076588891
-70.90003333
-17.18191594
-70.88043188
-16.74928107
-71.02087633
-16.64893019
-71.17930288
-16.75686949
-71.18432854
-16.62546484
-71.36888224
-16.56620632
-71.38950441
-16.5188999
-71.45096169
-16.55734968
-71.47523379
-16.54719728
-71.46661535
-16.48747839
-71.48389689
-16.46852684
-71.49455883
-16.45670984
-71.52879949
-16.46742478
-71.55858234
-16.44106394
-71.56668978
-16.424639292
-71.591409463
-16.449728952
-71.6727194
-16.42515282
-71.81796957
-16.42348329
-71.935390499
-16.465714083
-72.09380925
-16.49400661
-72.10162669
-16.32072915
-72.12697589
-16.34907507
-72.19126497
-16.36261097
-72.4698782
-16.22359663
-72.47243416
-16.0962683
-72.62956115
-15.85476442
-72.57357718
-15.71434062
-72.52460154
-15.6580662
-72.50564974
-15.65048896
-72.50202196
-15.72280426
-72.43195119
-15.72936959
-72.27213456
-15.68257672
-72.10808751
-15.73044279
-72.0140513
-16.01567662
-71.87784815
-16.03384544
-71.70598197
-16.24681865
-71.56041114
-16.37673606
-71.545601144
-16.381477039
-71.54287332
-16.38708599
-71.5223101
-16.39418464
-71.520729212
-16.379710575
-71.505624969
-16.406956466
-71.52381243
-16.4277342
-71.50428239
-16.43287157
-71.39222246
-16.4028027
-71.06050734
-16.18365376
-71.09065982
-15.83899201
-70.60633476
-15.69899503
-70.59951427
-15.45400517
-70.65991902
-15.18845492
-70.59794765
-15.23679666
-70.26092077
-15.23546715
-70.22174402
-15.31011454
-70.16149966
-15.28528004
-70.07277064
-15.32416827
-70.017141
-15.29152573
-69.97826227
-15.29770679
-69.92932364
-15.44183703
-69.68887864
-15.21391866
-69.52941264
-15.23379191
-69.43797201
-15.45772228
-69.348171494
-15.514685153
-69.341399764
-15.321491187
-69.365121
-15.01512967
-69.53517013
-14.6784199
-69.53703064
-14.4700094
-69.61986777
-14.35978591
-69.3450764
-14.42233242
-69.27985902
-14.49642854
-69.16934064
-14.25885465
-69.15372114
-14.22103979
-69.04783388
-14.11255578
-69.24322477
-14.0904389
-69.665217682
-14.15211703
-69.690817606
-14.14966056
-70.0183449
-13.9873912
-69.967223493
-14.12480276
-70.023528247
-14.361144396
-70.10528523
-14.390174119
-70.22394359
-14.22965061
-70.29184298
-14.29967321
-70.31727165
-14.58384041
-70.16032326
-14.68032916
-69.95394219
-14.76686929
-69.730272345
-14.892982479
-69.68259163
-15.00950842
-69.80146564
-15.05955854
-69.88112777
-15.06362516
-69.98680114
-15.10583353
-70.10959989
-15.13907128
-70.10573064
-14.99120504
-70.27782389
-15.05304366
-70.33818077
-15.03365053
-70.36806558
-15.04199002
-70.40313768
-14.95477787
-70.35400327
-14.78659154
-70.51177387
-14.72754365
-70.63612647
-14.47649739
-70.78753503
-14.60745329
-70.90278227
-14.77149841
-70.75351127
-14.85355415
-70.86665527
-14.90558402
-70.88064088
-14.93285903
-70.90904464
-15.11372628
-71.13809383
-15.30053787
-71.12898402
-15.05232454
-71.2096954
-14.89051528
-71.25135751
-14.77797592
-71.155058306
-14.493924932
-71.168742951
-14.357278177
-71.27288165
-14.43244252
-71.45532753
-14.38015253
-71.39428902
-14.47362254
-71.30686678
-14.53439967
-71.406443
-14.677853
-71.53172627
-14.80068491
-71.64416327
-15.00839878
-71.77299675
-15.18859735
-71.44653004
-15.34724247
-71.45696617
-15.48648791
-71.4450776
-15.50676772
-71.54976997
-15.53305644
-71.64560564
-15.62708539
-71.6587914
-15.64949416
-71.68652416
-15.64983048
-71.69991095
-15.66154577
-71.7685136
-15.64108119
-71.76852067
-15.62337818
-71.80770105
-15.60827103
-71.93919209
-15.57764345
-71.98079592
-15.62208916
-72.12885811
-15.57695409
-72.27011537
-15.50138125
-72.35556551
-15.49883653
-72.34351014
-15.26734728
-72.37551616
-15.28640549
-72.69179212
-15.05915315
-72.7650369
-15.13432004
-72.83030646
-15.17258521
-72.84980352
-15.17484151
-72.90532259
-15.18288358
-72.92868283
-15.2645613
-73.07030102
-15.24085422
-73.022252106
-15.274047214
-72.8341208
-15.50470439
-72.9185609
-15.54773605
-72.87663127
-15.77573992
-72.86049267
-15.79728249
-73.13140474
-15.94017194
-73.17411388
-16.03139906
-73.47971508
-15.50308378
-73.79845721
-15.62517016
-74.0910057
-15.65873378
-74.44377055
-15.47876733
-74.61692591
-15.43578188
-74.65781244
-15.45024153
-74.52381729
-14.97817914
-74.41671977
-14.94026978
-74.22244188
-14.7431591
-74.23339493
-14.622345
-74.19890137
-14.6516367
-74.09770883
-14.76721394
-73.83738386
-14.97949943
-73.95195302
-15.06260173
-73.82664818
-15.21030069
-73.74816638
-15.09480174
-73.56885832
-15.2459655
-73.46447936
-15.21753714
-73.453063
-15.24489879
-73.23196654
-15.3539945
-73.221772669
-15.320085878
-73.2005707
-15.26317792
-73.22677214
-15.22480662
-73.18506486
-15.17916136
-73.29380088
-15.16300251
-73.34858668
-15.18504699
-73.34141635
-15.14982819
-73.32241334
-15.05660768
-73.35131924
-14.99699648
-73.36785525
-14.9499704
-73.3977439
-14.90718012
-73.28228769
-14.80715699
-73.20515963
-14.41562708
-73.16069765
-14.37811053
-72.91480665
-14.42841208
-72.89463542
-14.33984861
-72.94507327
-14.31349743
-73.01622514
-14.22306346
-73.05855905
-14.20938535
-73.08698695
-14.21854336
-73.16020983
-14.22585123
-73.14054461
-14.14126936
-73.17389552
-14.14819508
-73.26787821
-14.13343511
-73.29455309
-14.05312739
-73.32108699
-14.11753619
-73.31492097
-14.16493037
-73.34718271
-14.20471012
-73.54450165
-14.1870473
-73.57282183
-14.16884966
-73.56598661
-14.05303133
-73.60782456
-13.96114327
-73.66889745
-13.86718867
-73.72730863
-13.88343158
-73.73472104
-13.96838362
-73.64213224
-14.03841195
-73.63744099
-14.04413482
-73.6093184
-14.05069836
-73.59095976
-14.08404187
-73.60407796
-14.1144892
-73.87605974
-14.36574777
-73.96199595
-14.38748121
-73.96708821
-14.28854408
-73.97472874
-14.28112037
-73.95676718
-14.22672548
-73.88626375
-14.1719203
-73.87223251
-14.1086989
-73.909541761
-14.054961802
-73.93245522
-14.0132728
-73.90478646
-13.92349325
-73.95077431
-13.84990601
-73.98875373
-13.79509635
-73.93154264
-13.75031778
-73.90515651
-13.80071054
-73.87733202
-13.85217141
-73.75411164
-13.84777958
-73.75784319
-13.80884417
-73.78752615
-13.74234703
-73.75925065
-13.69549604
-73.74105185
-13.61024991
-73.66953761
-13.67244702
-73.60345157
-13.77324154
-73.52715564
-13.75740171
-73.47399551
-13.78567136
-73.49468634
-13.6573723
-73.42745682
-13.6565964
-73.34384528
-13.60942252
-73.36551115
-13.65139362
-73.35037593
-13.73372982
-73.22647755
-13.94955185
-73.25433154
-14.00603741
-73.18506059
-13.95969431
-73.18182437
-13.92388872
-73.07341196
-13.86117128
-73.0651139
-13.97472937
-72.99086413
-13.94172219
-72.87577727
-13.87822657
-72.76977099
-13.87055759
-72.67032204
-14.06355016
-72.62498894
-14.07777233
-72.61432497
-14.11526158
-72.65702071
-14.13975999
-72.67221951
-14.17743119
-72.68104902
-14.25061224
-72.62244817
-14.22772802
-72.55433019
-14.26260918
-72.59057483
-14.22883611
-72.62329522
-14.16964166
-72.56760492
-14.06176007
-72.4763364
-14.07247734
-72.48446753
-13.92834851
-72.5083385
-13.87205807
-72.43205624
-13.83738656
-72.35620316
-13.74705897
-72.23299351
-13.6295429
-72.30044932
-13.45736987
-72.25542448
-13.45550836
-72.20760267
-13.41531429
-72.15590601
-13.33252665
-72.08734423
-13.31846757
-72.06501554
-13.33823203
-72.0517426
-13.39585551
-71.92026652
-13.36474816
-71.8989514
-13.3865709
-71.86709902
-13.42730866
-71.85041577
-13.4210399
-71.77847865
-13.49218229
-71.65464127
-13.50298041
-71.56346954
-13.60502349
-71.64067383
-13.69011916
-71.67749226
-13.6737515
-71.69702623
-13.59729758
-71.7364813
-13.63374357
-71.76356846
-13.5944388
-71.82756987
-13.56982944
-71.8839994
-13.54461613
-71.93741113
-13.53013383
-71.96649541
-13.52272699
-71.98327495
-13.52532629
-72.04461685
-13.49501867
-72.06779244
-13.47733392
-72.11146674
-13.47928189
-72.05919754
-13.58450426
-72.0175639
-13.68157904
-71.92266727
-13.66133941
-71.9565045
-13.75660378
-72.08218988
-13.85320666
-72.00306251
-14.00746235
-72.10208977
-14.08635536
-72.24649698
-14.11869023
-72.18821731
-14.214126
-72.13812978
-14.31144821
-72.11395862
-14.33723273
-72.04020652
-14.28370029
-72.02190333
-14.67133458
-71.88624277
-14.50843353
-71.85265728
-14.30239542
-71.68934152
-14.31257117
-71.73810965
-14.06968978
-71.7383389
-13.95133653
-71.76081164
-13.95355278
-71.83147138
-13.97120554
-71.80276026
-13.85021228
-71.78181202
-13.77930491
-71.60344577
-13.9471524
-71.5710625
-14.03481141
-71.49352002
-14.0566184
-71.47276801
-14.1204444
-71.45986626
-14.14740916
-71.47603452
-14.16392954
-71.31477727
-14.2019073
-71.343384976
-14.186515761
-71.407201196
-14.145693299
-71.429633519
-14.101594872
-71.45356989
-14.02519053
-71.41740051
-13.98038041
-71.50277576
-13.90659957
-71.54214823
-13.82266063
-71.38837656
-13.62699367
-71.39988471
-13.59513679
-70.97472343
-13.59183807
-70.60469639
-13.86849892
-70.47219977
-13.7940318
-70.21417045
-13.87628738
-70.32270822
-13.77698334
-70.40239294
-13.43864304
-70.75435742
-13.23072955
-70.36772839
-13.10106717
-70.52726515
-12.99405717
-70.39452764
-12.61823302
-69.58694227
-12.71731191
-69.15047002
-12.27907966
-69.32184702
-11.45455829
-69.48926127
-11.40709316
-70.04129927
-4.35201153
-71.10341423
-4.02039938
-71.17538469
-2.40880511
-71.86176424
-3.32059051
-72.76386926
-3.42246259
-73.04109843
-3.50047685
-73.09151272
-3.49807756
-73.67555293
-2.48937315
-73.41287088
-1.78914335
-74.67557693
-0.37295586
-75.17152099
-0.97073706
-74.78130333
-3.48969629
-73.69651569
-3.88816299
-73.28938976
-3.77506576
-73.24434649
-3.7284926
-73.24828694
-3.76173604
-73.16058508
-4.00297018
-73.53332019
-4.72514763
-73.66968306
-4.90368863
-72.87557121
-5.15037201
-73.69274975
-6.00798567
-74.09420424
-6.02576162
-74.53817907
-5.75009232
-74.28334094
-5.7944038
-74.13805655
-5.69391966
-74.15783618
-5.40483938
