-71.97876215
-13.51670179
-72.87887764
-13.6373465
-74.225776072
-13.160270337
-74.97310128
-12.78719172
-75.21005132
-12.0679591
-76.256181885
-10.683662121
-76.23964566
-9.92954506
-77.52885187
-9.5300209
-79.02868652
-8.11176389
-78.51752139
-7.15706855
-77.8724339
-6.22940827
-76.97466665
-6.03466877
-79.83866166
-6.77150465
-80.62654749
-5.1971641
-80.45957215
-3.5708339
-73.24436621
-3.74934598
-74.53224034
-8.38324295
-77.03049615
-12.04591952
-77.14068058
-12.06034168
-75.72920238
-14.06393532
-71.5369584
-16.39892966
-70.93469733
-17.19380361
-70.2507964
-18.0137008
-70.02800689
-15.84061229
-69.17624914
-12.59421679
-71.97876215
-13.51670179
